# id hp size race element range def mdef sec_per_tile

# Champion Monsters
# Solid:	10x HP
# Elusive:	5x HP
# Furious:	5x HP
# Swift:	8.15?x HP
2606 1170 1 1 29 1 20 3 0.4
2624 23850 1 0 25 1 104 65 0.35
2645 1825 0 4 24 1 22 25 0.2
2673 11505 2 2 42 1 126 3 0.15
2677 73850 1 2 24 1 73 33 0.24
2679 800 1 5 21 1 12 5 0.2
2690 92040 2 7 47 1 89 15 0.112
2691 184080 2 7 47 1 89 15 0.18
2699 300 1 3 21 1 2 5 0.3
2714 28995 1 9 22 1 99 49 0.187
2715 57990 1 9 22 1 137 49 0.2
2717 16984 1 5 25 1 85 32 0.4
2719 17550 1 7 43 1 93 35 0.123
2725 15200 1 7 42 1 83 17 0.24
2727 27150 1 0 68 1 117 66 0.35
2732 66445 2 6 67 1 78 37 0.165
2763 14465 2 7 23 1 66 43 0.3
2785 104830 1 7 44 1 103 25 0.18
2803 45500 1 2 64 1 90 37 0.17
2806 22115 1 6 64 1 69 44 0.155
2807 22115 1 6 64 1 69 44 0.155
2810 31500 2 2 43 1 95 30 0.198
2813 5290 1 7 24 1 56 5 0.1
2815 39800 1 2 63 1 143 43 0.165
2816 19900 1 2 63 1 143 43 0.165
2825 38660 1 3 62 3 193 42 2
2826 43860 1 6 64 1 98 43 0.2
2837 39065 0 2 63 1 112 50 0.165
2838 25745 2 1 89 1 88 45 0.3
2838 9644 2 1 89 1 88 45 0.3
2839 2995 1 3 43 1 45 0 0.15
2855 700 0 2 23 1 13 0 0.3
2861 60450 1 6 89 2 97 30 0.2
2863 1890 0 4 24 1 28 20 0.112
2869 8360 0 2 22 1 37 0 0.18
2904 42550 1 2 25 1 92 0 0.2
3202 40 0 0 0 1 160 99 0.1

2700 55440 0 4 62 1 107 37 0.15

# Event monsters
2379 10 0 2 22 1 1 0 0.2
2380 10 0 2 22 1 1 0 0.2
3121 60000 1 7 20 1 120 13 0.17
3260 20 1 3 25 1 36 17 0.3
3290 20 0 0 0 1 160 99 0.19
3356 671 0 4 22 1 52 16 0.15
3357 756 0 4 22 1 44 12 0.3
3358 724 0 4 22 1 55 16 0.3
3359 51100 0 4 22 1 135 20 0.2
3360 58900 0 4 22 1 150 38 0.15
3361 67700 1 4 42 1 250 70 0.15

1001 153 0 4 23 1 26 5 0.2
1002 60 1 3 21 1 3 5 0.4
1004 90 0 4 24 1 11 1 0.15
1005 427 0 2 27 1 46 5 0.15
1007 72 0 4 22 1 29 0 0.4
1008 66 0 4 22 1 27 2 1
1009 114 1 2 24 1 13 5 0.15
1010 91 1 3 22 1 46 2 0.2
1011 57 0 4 24 1 31 0 0.2
1012 160 1 5 21 1 16 5 0.2
1013 1219 1 2 22 1 85 3 0.2
1014 280 1 3 21 1 22 10 0.2
1015 234 1 1 29 1 37 3 0.4
1016 1646 1 1 29 9 67 10 0.3
1018 378 0 4 24 1 29 20 0.15
1019 446 2 2 23 1 61 0 0.2
1020 156 1 3 62 4 18 2 1
1022 28600 2 0 40 2 125 35 0.2
1023 1434 1 7 22 1 76 3 0.2
1024 200 1 3 22 1 30 0 0.2
1025 217 1 2 22 1 27 8 0.2
1026 2445 1 1 29 1 102 15 0.2
1027 600 1 2 22 1 25 10 0.2
1028 804 1 1 29 1 85 5 0.2
1029 2092 2 6 27 1 105 5 0.2
1030 8510 1 2 25 1 120 0 0.2
1031 524 1 3 25 1 56 17 0.3
1032 1944 1 1 29 1 88 10 0.25
1033 599 1 3 43 1 70 0 0.2
1034 1157 1 5 41 1 47 17 0.2
1035 2050 0 4 44 1 68 20 0.15
1036 2614 1 1 49 1 97 5 0.25
1037 2736 1 2 25 1 136 12 0.2
1038 475840 1 1 89 1 258 164 0.1
1039 668000 2 6 67 2 309 45 0.1
1040 2245 2 0 60 1 257 12 0.3
1041 2155 1 1 49 1 109 3 0.3
1042 1199 0 4 24 1 77 20 0.15
1044 2158 1 5 41 1 69 26 0.2
1045 2522 1 5 41 1 77 24 0.15
1046 380000 1 6 67 1 351 86 0.1
1047 75 0 0 60 0 38 5 1
1048 344 0 4 27 0 114 10 1
1049 95 0 2 23 1 31 3 0.2
1050 89 0 2 23 1 56 10 0.2
1051 354 0 4 60 1 34 3 0.15
1052 185 1 4 22 1 24 3 0.2
1053 531 1 4 27 1 51 7 0.2
1054 595 1 4 27 1 62 20 0.3
1055 468 2 3 22 1 56 0 0.3
1056 591 0 2 22 1 42 0 0.2
1057 898 0 2 22 1 74 0 0.2
1058 1687 1 4 23 1 82 12 0.2
1059 378000 0 4 84 1 275 192 0.1
1060 587 2 2 22 1 62 7 0.3
1061 2872 2 6 68 1 136 15 0.15
1062 69 1 3 26 1 3 0 0.4
1063 55 0 2 60 1 21 0 0.2
1064 1335 1 1 29 1 82 28 0.2
1065 3052 2 5 61 1 98 21 0.15
1066 1252 0 5 21 1 82 21 0.3
1067 1450 0 5 21 1 87 28 0.2
1068 854 0 3 41 7 34 32 1
1069 2600 2 5 41 1 77 12 0.2
1070 1111 0 5 21 1 55 23 0.15
1071 1411 1 1 29 1 78 20 0.2
1072 7045 1 6 83 1 161 55 0.15
1073 1233 0 5 21 1 60 11 0.2
1074 1680 0 5 21 1 91 5 0.2
1075 77 0 5 22 1 36 0 0.2
1076 612 1 1 29 1 51 2 0.2
1077 456 1 3 25 1 62 8 0.2
1078 10 0 3 22 1 0 0 2
1079 10 0 3 22 1 0 0 2
1080 10 0 3 22 1 0 0 2
1081 10 0 3 22 1 0 0 2
1082 10 0 3 22 1 0 0 2
1083 20 0 3 26 1 0 0 2
1084 15 0 3 22 1 0 0 2
1085 15 0 3 22 1 0 0 2
1086 222750 2 4 43 1 239 81 0.1
1087 362000 2 7 42 1 304 70 0.15
1088 3317 1 4 22 1 103 26 0.2
1089 660 1 5 21 1 51 6 0.2
1090 1260 1 3 21 1 89 31 0.3
1091 1035 0 4 24 1 87 28 0.1
1092 8203 1 2 22 1 157 51 0.15
1093 625 1 2 60 1 85 20 0.2
1094 340 2 4 21 1 39 0 0.4
1095 724 0 4 22 1 95 16 0.3
1096 19800 1 8 86 1 105 238 0.2
1097 530 0 0 60 0 133 45 1
1098 38826 2 7 49 1 143 48 0.15
1099 3105 2 4 25 1 128 32 0.3
1100 1005 2 4 25 1 83 8 0.3
1101 2035 0 6 27 1 106 25 0.1
1102 5242 1 7 27 1 101 89 0.1
1103 518 0 2 22 1 54 0 0.2
1104 836 0 2 22 1 67 0 0.15
1105 671 0 4 22 1 82 16 0.15
1106 9447 1 2 23 1 177 47 0.2
1107 140 0 2 23 1 21 0 0.3
1108 3135 1 5 81 1 83 16 0.4
1109 8912 0 6 27 1 102 16 0.15
1110 2820 0 6 27 1 120 20 0.25
1111 1162 0 2 47 1 74 15 0.25
1112 804500 1 1 29 1 393 135 0.4
1113 45 1 3 23 1 17 0 0.4
1114 2026 0 4 44 1 115 50 0.15
1115 247500 2 2 23 1 269 70 0.3
1116 1676 1 0 48 1 110 20 0.2
1117 5149 2 1 89 1 112 45 0.3
1118 2301 2 3 22 3 134 29 1
1119 1821 1 2 23 1 122 10 0.3
1120 26700 1 6 88 1 154 72 0.3
1121 1118 0 6 22 1 82 16 0.2
1122 1058 1 7 24 1 81 5 0.1
1123 931 1 7 23 1 76 5 0.15
1124 930 1 7 25 1 71 5 0.25
1125 1494 1 7 22 1 116 3 0.2
1126 2342 1 7 21 1 86 5 0.3
1127 2676 1 2 42 1 133 24 0.2
1128 705 1 4 22 1 88 8 0.2
1129 2304 0 0 83 1 119 35 0.4
1130 2054 1 0 43 1 132 25 0.2
1131 6022 2 7 84 1 94 76 0.1
1132 23986 2 1 29 1 165 10 0.35
1133 10483 1 7 44 1 164 25 0.15
1134 9152 1 7 45 1 172 59 0.2
1135 9078 1 7 43 1 168 48 0.3
1138 1984 0 6 21 1 72 8 0.25
1139 2719 1 4 22 1 114 0 0.2
1140 2893 2 7 23 1 87 43 0.3
1141 1209 0 3 41 1 38 19 0.4
1142 1924 0 3 41 1 76 28 0.8
1143 7166 0 6 68 1 63 24 0.3
1144 1456 0 5 41 1 63 18 0.3
1145 1056 0 2 42 1 86 19 0.3
1146 2087 1 2 27 1 84 5 0.15
1147 380000 2 4 82 1 259 50 0.1
1148 10045 1 6 40 1 152 66 0.18
1149 1893 2 2 43 1 136 10 0.2
1150 324000 1 6 63 1 247 81 0.15
1151 1223 2 0 25 1 81 10 0.2
1152 2077 1 1 29 1 106 10 0.2
1153 1908 1 1 29 1 103 5 0.4
1154 3510 1 7 43 1 126 35 0.165
1155 5799 1 9 22 1 137 49 0.2
1156 3556 1 9 24 1 117 42 0.15
1157 500000 2 7 67 1 220 269 0.125
1158 1963 1 5 41 1 79 11 0.15
1159 300000 2 2 60 1 381 98 0.2
1160 696 0 4 22 1 93 16 0.2
1161 1232 0 3 61 1 53 28 0.4
1162 5819 0 3 22 3 130 2 0.15
1163 18408 2 7 47 1 144 15 0.15
1164 3089 1 7 27 1 123 20 0.4
1165 2887 1 0 62 1 181 24 0.25
1166 2301 2 2 42 1 180 3 0.15
1167 180 0 2 22 1 31 0 0.4
1168 6354 2 7 23 1 87 10 0.2
1169 1240 1 1 29 1 67 5 0.4
1170 2875 1 6 21 1 90 21 0.25
1174 365 0 4 24 1 46 25 0.2
1175 420 0 2 27 1 35 5 0.15
1176 756 0 4 22 1 68 12 0.3
1177 1816 1 7 27 1 89 5 0.15
1178 2687 1 7 23 1 123 15 0.2
1179 1109 0 6 68 1 40 40 0.15
1180 2783 1 2 63 1 125 40 0.15
1182 15 0 3 22 1 100 99 2
1183 67 0 4 24 1 14 0 0.2
1184 30 0 4 22 1 1 0 0.4
1185 1796 0 1 28 1 14 45 0.15
1186 2570 0 6 48 1 138 45 0.25
1187 2 1 0 20 1 1 0 0.001
1188 2510 1 1 29 1 112 5 0.2
1189 4835 1 7 22 9 91 31 0.3
1190 552000 2 7 82 1 359 92 0.1
1191 1939 1 0 60 1 83 15 0.1
1192 5168 2 1 89 1 110 40 0.3
1193 5562 1 0 60 1 146 53 0.3
1194 10020 1 4 42 1 146 36 0.1
1195 3222 0 0 60 1 93 38 0.15
1196 9194 1 1 69 1 155 41 0.35
1197 8045 1 1 69 1 147 28 0.35
1198 12090 1 6 89 2 97 30 0.2
1199 3869 0 3 24 1 98 55 0.3
1200 61350 1 7 60 1 142 99 0.2
1201 8700 2 6 40 1 170 30 0.2
1202 11000 2 7 40 2 378 50 0.175
1203 70000 2 0 87 2 135 61 0.25
1204 59000 1 0 67 1 162 69 0.1
1205 40200 2 0 47 2 174 188 0.2
1206 15547 1 5 41 1 116 11 0.19
1207 10143 1 0 62 1 214 34 0.3
1208 19307 1 6 24 2 100 5 0.1
1209 3898 0 2 45 1 123 42 0.1
1211 2772 0 4 23 1 131 25 0.2
1212 4221 1 4 60 1 55 5 0.2
1213 4193 2 7 43 1 141 45 0.15
1214 1080 0 2 23 1 102 30 0.2
1215 4530 1 3 24 1 98 50 0.2
1216 4589 1 5 25 7 120 32 0.4
1219 23297 2 7 87 1 170 50 0.3
1220 1716 1 2 23 1 45 10 0.2
1221 2092 2 2 42 1 64 5 0.15
1242 987 1 3 41 1 42 8 0.4
1243 3163 2 2 60 1 161 28 0.3
1244 3581 1 0 43 1 43 30 0.2
1245 1176 1 7 24 1 35 5 0.1
1246 733 0 7 46 1 78 36 0.4
1247 10 1 3 66 1 101 0 0.1
1248 919 1 0 60 7 43 18 0.4
1249 879 1 0 60 1 90 11 0.4
1250 4950 1 7 23 1 90 25 0.4
1251 630500 2 0 84 2 438 166 0.2
1252 1275500 2 2 81 3 308 103 0.4
1253 8772 1 6 64 9 158 43 0.2
1254 1148 0 2 24 1 94 10 0.2
1255 9550 0 2 22 1 160 37 0.2
1256 5747 0 2 47 1 103 33 0.165
1257 7952 1 1 47 1 134 31 0.4
1258 1575 0 7 25 9 89 0 0.2
1259 60720 2 2 84 1 179 72 0.1
1260 3520 1 6 67 1 103 27 0.2
1261 2682 0 2 24 1 106 15 0.1
1262 50706 2 9 43 4 160 20 0.25
1263 4008 1 6 64 2 89 51 0.15
1264 2940 1 7 61 2 92 8 0.22
1265 666 0 7 60 1 91 28 0.2
1266 1509 0 5 22 1 85 7 0.4
1267 9222 1 6 44 1 171 67 0.2
1268 68500 2 0 87 3 192 50 0.25
1269 5556 1 0 42 1 126 43 0.2
1270 6400 2 0 80 3 136 60 0.2
1271 2430 1 2 21 1 86 30 0.2
1272 1190900 2 6 89 2 484 168 0.1
1273 1520 1 7 42 1 111 17 0.2
1274 2451 2 0 80 9 101 18 0.2
1275 9230 1 7 60 1 138 73 0.2
1276 4437 1 6 47 9 103 40 0.2
1277 1575 1 0 43 3 134 30 0.2
1278 2590 2 0 80 1 278 5 0.2
1279 2530 0 4 22 1 46 5 0.2
1280 2241 1 7 44 1 117 5 0.2
1281 2872 0 2 60 1 137 45 0.2
1282 11053 0 7 23 9 132 5 0.2
1283 26406 2 2 63 1 269 10 0.2
1285 28634 2 7 80 12 115 60 0.265
1286 30214 2 7 80 2 195 30 0.275
1287 15670 0 4 22 1 135 0 0.265
1288 700 0 8 26 1 80 0 0.3
1289 77670 2 4 82 2 219 40 0.1
1290 6720 1 1 29 1 152 35 0.15
1291 10035 2 1 89 2 143 56 0.175
1292 19402 0 6 27 1 135 25 0.15
1293 3420 0 4 24 2 109 37 0.155
1294 7650 1 4 22 1 165 45 0.175
1295 21000 2 6 60 2 143 25 0.175
1296 13520 1 7 44 1 158 62 0.15
1297 27157 1 1 49 1 148 51 0.175
1298 8780 1 1 29 1 126 46 0.175
1299 21692 1 7 24 1 117 30 0.12
1300 5555 0 4 22 1 151 42 0.3
1301 3530 0 6 27 1 130 42 0.2
1302 46255 2 6 89 1 145 30 0.145
1303 3960 0 4 24 1 127 43 0.155
1304 4680 2 4 25 1 129 38 0.165
1305 4140 2 4 25 1 146 41 0.165
1306 6050 2 2 22 1 207 31 0.175
1307 23600 1 6 63 1 140 50 0.155
1308 1471 1 7 44 1 95 25 0.2
1309 3825 0 0 83 1 137 50 0.3
1310 11801 2 2 43 1 176 25 0.25
1311 7080 2 2 42 1 190 43 0.15
1312 1442000 2 2 42 2 548 123 0.2
1313 2253 1 7 20 1 120 18 0.25
1314 6575 1 2 40 2 199 50 0.25
1315 8977 1 7 44 2 199 49 0.155
1316 8768 1 2 42 2 266 58 0.25
1317 1371 1 2 21 1 72 16 0.2
1318 8180 1 2 43 2 249 50 0.25
1319 9990 1 2 41 2 177 38 0.25
1320 7381 2 6 60 1 125 45 0.195
1321 4680 1 4 44 1 98 25 0.175
1322 6684 1 2 42 1 143 42 0.16
1323 1820 1 2 61 1 64 18 0.19
1324 0 0 0 20 0 0 0 0
1325 0 0 0 20 0 0 0 0
1326 0 0 0 20 0 0 0 0
1327 0 0 0 20 0 0 0 0
1328 0 0 0 20 0 0 0 0
1329 0 0 0 20 0 0 0 0
1330 0 0 0 20 0 0 0 0
1331 0 0 0 20 0 0 0 0
1332 0 0 0 20 0 0 0 0
1333 0 0 0 20 0 0 0 0
1334 0 0 0 20 0 0 0 0
1335 0 0 0 20 0 0 0 0
1336 0 0 0 20 0 0 0 0
1337 0 0 0 20 0 0 0 0
1338 0 0 0 20 0 0 0 0
1339 0 0 0 20 0 0 0 0
1340 0 0 0 20 0 0 0 0
1341 0 0 0 20 0 0 0 0
1342 0 0 0 20 0 0 0 0
1343 0 0 0 20 0 0 0 0
1344 0 0 0 20 0 0 0 0
1345 0 0 0 20 0 0 0 0
1346 0 0 0 20 0 0 0 0
1347 0 0 0 20 0 0 0 0
1348 0 0 0 20 0 0 0 0
1349 0 0 0 20 0 0 0 0
1350 0 0 0 20 0 0 0 0
1351 0 0 0 20 0 0 0 0
1352 0 0 0 20 0 0 0 0
1353 0 0 0 20 0 0 0 0
1354 0 0 0 20 0 0 0 0
1355 0 0 0 20 0 0 0 0
1356 0 0 0 20 0 0 0 0
1357 0 0 0 20 0 0 0 0
1358 0 0 0 20 0 0 0 0
1359 0 0 0 20 0 0 0 0
1360 0 0 0 20 0 0 0 0
1361 0 0 0 20 0 0 0 0
1362 0 0 0 20 0 0 0 0
1363 0 0 0 20 0 0 0 0
1364 8977 1 7 44 2 199 49 0.155
1365 22090 2 0 60 2 212 26 0.4
1366 8452 2 0 83 1 402 27 0.4
1367 8121 1 6 43 2 171 60 0.18
1368 3866 1 3 62 3 193 42 2
1369 3150 2 2 43 2 145 30 0.165
1370 24960 1 6 67 2 121 48 0.155
1371 10988 0 8 66 2 149 84 0.16
1372 3980 1 2 63 1 143 43 0.165
1373 603883 2 6 67 3 366 73 0.18
1374 28000 1 6 67 2 124 46 0.165
1375 8500 1 0 60 1 62 39 0.17
1376 4423 1 6 64 1 119 44 0.155
1377 7341 2 7 80 3 107 41 0.165
1378 6466 0 6 65 1 110 52 0.17
1379 13289 2 6 67 1 133 37 0.165
1380 2719 1 2 22 1 121 18 0.165
1381 2241 2 2 63 1 153 2 0.165
1382 10572 0 6 47 1 121 61 0.15
1383 7813 0 2 63 1 175 50 0.165
1384 10000 1 9 43 1 164 53 0.175
1385 10000 1 9 43 1 163 53 0.175
1386 5160 1 0 42 1 158 29 0.195
1387 8721 0 2 43 1 164 53 0.17
1388 25100 1 8 66 1 154 81 0.18
1389 350000 2 6 87 3 240 146 0.145
1390 20557 1 7 40 10 112 36 0.17
1391 1221 0 2 22 1 99 16 0.165
1392 1088 2 0 44 10 102 34 0.155
1393 5176 1 1 49 1 32 10 0.3
1394 534 1 1 29 1 7 10 0.4
1395 15 0 0 20 0 101 99 0.19
1396 15 0 0 20 0 101 99 0.19
1397 15 0 0 20 0 101 99 0.19
1398 15 0 0 20 0 101 99 0.19
1399 1264000 2 6 67 3 131 45 0.13
1400 3092 1 0 60 1 126 29 0.155
1401 8000 1 7 67 2 104 45 0.15
1402 4876 1 2 45 3 120 42 0.16
1403 7524 1 1 49 10 102 30 0.17
1404 5188 1 6 27 1 87 19 0.25
1405 10196 2 6 42 2 174 46 0.2
1406 5470 1 5 21 3 101 38 0.165
1408 7030 1 4 44 3 119 50 0.145
1409 2098 0 7 20 1 125 12 0.16
1410 8777 1 3 42 7 164 40 0.41
1412 8266 2 0 40 10 111 46 0.19
1413 6052 0 3 43 1 116 62 0.14
1415 2590 0 2 28 2 97 5 0.15
1416 8491 1 6 67 2 91 45 0.2
1417 6620 1 2 27 1 180 40 0.155
1418 1101000 2 2 68 3 421 185 0.2
1419 427 0 2 27 1 46 5 0.15
1420 3040 1 1 29 9 14 0 0.3
1421 4828 2 6 27 1 32 35 0.2
1422 5242 0 4 44 1 57 15 0.15
1423 5118 1 1 49 1 34 20 0.25
1424 4929 1 2 25 1 45 10 0.2
1425 3952 1 5 41 1 31 40 0.2
1426 6900 1 5 41 1 41 10 0.15
1427 2872 2 6 68 1 136 15 0.15
1428 665 1 3 25 1 25 0 0.2
1429 4382 2 4 25 1 61 0 0.3
1430 1117 2 4 25 1 40 0 0.3
1431 2035 0 6 27 1 106 25 0.1
1432 1716 1 2 23 1 45 10 0.2
1433 8912 0 6 27 1 102 16 0.15
1434 1162 0 2 47 1 24 0 0.25
1435 16506 2 1 89 1 63 60 0.3
1436 3581 1 0 43 1 43 30 0.2
1437 12450 2 7 84 1 57 35 0.1
1438 23986 2 1 29 1 165 10 0.35
1439 4193 2 7 43 1 141 45 0.15
1440 6136 1 3 24 2 31 10 0.2
1441 7256 1 5 25 7 40 50 0.4
1442 3163 2 2 60 1 65 0 0.3
1443 919 1 0 60 7 43 18 0.4
1444 4950 1 7 23 1 35 25 0.4
1445 1020 0 2 24 1 32 5 0.2
1446 7600 1 1 47 1 39 0 0.4
1447 27800 2 2 84 1 113 35 0.1
1448 7500 1 6 67 1 52 45 0.2
1449 62600 2 9 43 4 45 20 0.25
1450 4820 1 6 64 2 15 45 0.15
1451 12300 1 7 41 2 56 35 0.22
1452 2000 1 7 42 1 35 10 0.2
1453 5250 1 6 47 9 57 5 0.2
1454 2300 0 4 22 1 44 5 0.2
1455 2560 0 7 23 9 25 5 0.2
1456 32600 2 2 63 1 140 10 0.2
1457 2472 1 4 22 1 34 0 0.2
1458 2893 2 7 23 1 87 43 0.3
1459 3222 0 6 68 1 36 25 0.3
1460 2585 1 2 27 1 38 0 0.15
1461 7431 2 2 43 1 76 5 0.2
1462 2278 1 1 29 1 28 10 0.2
1463 1568 1 1 29 1 29 10 0.4
1464 3510 1 7 43 1 126 35 0.165
1465 6881 1 9 22 1 92 30 0.2
1466 5747 1 9 24 1 65 45 0.15
1467 8613 2 7 47 1 82 15 0.15
1468 3089 1 7 27 1 35 15 0.4
1469 2872 1 1 29 1 30 15 0.4
1470 1109 1 7 23 1 23 10 0.2
1471 2783 1 2 63 1 125 40 0.15
1472 3520 1 1 29 1 36 0 0.2
1473 4835 1 7 22 9 91 31 0.3
1474 1939 1 0 60 1 83 15 0.1
1475 10999 2 1 89 1 35 30 0.3
1476 10647 1 0 60 1 87 15 0.3
1477 10020 1 4 42 1 146 36 0.1
1478 11638 0 0 60 1 15 35 0.15
1479 8691 1 1 69 1 46 20 0.35
1480 11280 1 1 69 1 49 20 0.35
1481 3620 0 3 24 1 5 45 0.3
1482 18300 1 7 60 1 50 15 0.2
1483 9572 2 6 40 1 120 37 0.2
1484 22729 2 7 40 2 172 36 0.175
1485 33350 2 0 87 2 110 30 0.25
1486 29900 1 0 67 1 85 35 0.1
1487 28980 2 0 47 2 75 35 0.2
1488 18960 1 5 41 1 73 15 0.19
1489 9500 1 0 62 1 60 30 0.3
1490 19307 1 6 24 2 100 5 0.1
1491 2820 0 6 27 1 120 20 0.25
1492 901000 2 7 67 3 384 140 0.135
1493 3640 1 3 82 3 193 8 0.17
1494 2061 0 4 22 1 89 8 0.165
1495 2101 1 3 63 10 124 15 0.175
1497 3914 2 3 82 1 294 26 0.165
1498 3096 1 7 42 10 129 21 0.2
1499 2327 1 7 43 1 139 8 0.2
1500 3222 1 3 44 8 96 30 0.4
1502 95000000 1 3 25 1 65 10 0.16
1503 12999 2 6 27 1 178 45 0.18
1504 18546 1 1 49 2 162 38 0.155
1505 15280 2 6 87 2 100 44 0.125
1506 13895 1 6 82 2 142 58 0.147
1507 14099 2 7 67 2 150 41 0.175
1508 11090 0 1 29 1 151 55 0.15
1509 11574 0 1 29 2 145 53 0.15
1510 12000 0 6 47 1 173 68 0.155
1511 319000 2 7 62 3 333 123 0.17
1512 6996 1 1 49 1 124 43 0.18
1513 5292 1 2 44 2 130 56 0.2
1514 3943 1 9 44 2 123 36 0.16
1515 10016 1 2 41 1 117 43 0.45
1516 5335 1 0 62 1 153 39 0.445
1517 5187 1 6 62 1 143 37 0.165
1518 56380 2 7 41 2 44 15 0.16
1519 23900 1 7 40 2 51 15 0.17
1520 400 1 3 21 1 14 10 0.17
1521 10000 1 7 60 1 47 5 0.2
1522 27157 1 1 49 1 148 51 0.175
1523 3852 1 1 49 10 39 10 0.17
1524 2590 0 2 28 2 20 5 0.15
1525 5415 1 7 27 1 24 60 0.1
1526 8082 1 4 44 3 19 23 0.145
1527 18600 2 0 80 3 55 30 0.2
1528 11050 1 0 42 1 65 10 0.2
1529 254993 2 2 68 3 87 55 0.2
1530 320096 2 6 87 3 135 76 0.145
1531 8266 2 0 40 10 111 46 0.19
1532 8054 0 2 63 1 91 27 0.165
1533 9114 1 2 21 1 47 33 0.2
1534 1176 1 7 24 1 35 5 0.1
1535 1034 1 7 23 1 34 5 0.15
1536 1034 1 7 25 1 34 5 0.25
1537 1359 1 7 22 1 56 5 0.2
1538 1952 1 7 21 1 32 5 0.3
1539 20152 1 7 24 1 85 16 0.12
1540 3900 2 0 60 1 65 0 0.3
1541 3632 1 0 43 3 75 15 0.2
1542 218652 2 7 67 3 88 51 0.135
1543 7892 1 5 21 3 69 38 0.165
1544 3092 1 0 60 1 13 5 0.155
1545 3893 1 7 44 1 51 10 0.15
1546 2179 1 7 45 1 46 10 0.2
1547 2179 1 7 43 1 46 10 0.3
1548 18313 1 7 44 1 73 37 0.15
1549 24324 2 0 83 1 180 50 0.4
1550 8905 1 3 42 7 45 38 0.41
1551 5034 0 5 41 1 25 5 0.3
1552 6300 1 6 27 1 16 20 0.25
1553 3745 2 0 25 1 18 40 0.2
1554 22605 2 6 67 1 92 37 0.165
1555 5188 1 3 44 8 40 19 0.4
1556 6629 1 2 45 3 24 10 0.16
1557 1209 2 0 44 10 49 34 0.155
1558 2887 1 0 62 1 181 24 0.25
1559 1109 0 4 23 1 54 0 0.2
1560 8000 1 7 67 2 104 45 0.15
1561 641 0 2 22 1 36 10 0.2
1562 2334 1 1 29 1 32 15 0.2
1563 16940 2 6 42 2 81 82 0.2
1564 8491 1 6 67 2 91 45 0.2
1565 6900 0 3 43 1 46 20 0.14
1566 10035 2 1 89 2 143 56 0.175
1567 22598 2 4 25 1 91 30 0.165
1568 55000 1 8 86 1 20 70 0.2
1569 57870 2 0 87 3 130 50 0.25
1570 3898 0 2 45 1 131 42 0.1
1571 19192 1 5 81 1 72 20 0.4
1572 55 1 3 23 1 3 0 0.4
1573 21592 2 7 80 3 113 68 0.165
1574 693 1 3 43 1 35 30 0.2
1575 2092 2 3 22 3 45 35 1
1576 73300 1 6 88 1 18 60 0.3
1577 1750 0 7 25 9 20 0 0.2
1578 1939 0 0 83 1 109 50 0.4
1579 660 0 3 41 7 14 40 1
1580 17281 1 6 67 2 153 46 0.165
1581 3016 1 4 22 1 36 30 0.2
1582 16890 1 6 87 1 100 70 0.2
1583 1252000 2 6 60 2 502 143 0.15
1584 3195 2 6 67 1 103 30 0.14
1585 6000 1 3 21 3 80 40 0.4
1586 2635 0 2 22 1 100 16 0.15
1587 2901 1 0 48 1 143 20 0.1
1588 1400 1 7 22 1 58 5 0.2
1589 405 1 3 62 4 24 25 1
1590 8071 1 3 62 3 75 26 2
1591 2334 0 2 60 1 32 20 0.2
1592 8000 1 7 20 1 65 27 0.25
1593 8613 1 1 69 1 82 27 0.175
1594 9990 1 2 41 2 177 38 0.25
1595 987 1 3 41 1 42 8 0.4
1596 10234 2 6 67 1 53 35 0.14
1597 3950 1 6 64 9 30 10 0.2
1598 8252 1 6 43 2 100 40 0.18
1599 2570 0 6 48 1 138 45 0.25
1600 8180 1 2 43 2 249 50 0.25
1601 6575 1 2 40 2 199 50 0.25
1602 8768 1 2 42 2 266 58 0.25
1603 587 2 2 22 1 62 7 0.3
1604 3960 0 4 24 1 127 43 0.155
1605 46255 2 6 89 1 145 30 0.1
1606 10016 1 2 41 1 117 43 0.45
1607 1176 1 7 24 1 35 5 0.1
1608 595 1 4 27 1 62 20 0.3
1609 9136 1 9 44 2 94 10 0.16
1610 2872 1 1 89 1 20 0 0.1
1611 3520 1 1 89 1 36 0 0.2
1612 9981 1 1 89 1 48 10 0.18
1613 4300 0 0 20 1 118 28 0.3
1614 8300 0 0 40 1 167 23 0.25
1615 10088 0 0 42 1 169 37 0.35
1616 7208 2 1 42 1 149 48 0.18
1617 7400 2 0 20 1 150 47 0.3
1618 17070 2 4 45 1 166 28 0.35
1619 5544 0 4 62 1 107 37 0.15
1620 5430 1 0 68 1 177 66 0.35
1621 4770 1 0 25 1 164 65 0.35
1622 7238 0 0 60 1 172 39 0.2
1623 1001000 2 0 60 1 427 96 0.22
1624 7400 2 0 20 1 150 47 0.22
1625 5544 0 4 62 1 107 37 0.15
1626 286900 1 6 69 2 75 50 0.15
1627 7238 0 4 64 1 49 10 0.2
1628 6228 0 2 42 9 113 16 0.3
1629 2870 1 2 64 3 40 15 0.2
1630 720500 2 7 64 3 308 178 0.13
1631 3901 1 7 44 2 105 15 0.15
1632 20313 2 6 47 1 124 25 0.14
1633 19280 0 0 44 6 115 30 0.19
1634 194962 1 6 63 1 252 12 0.17
1635 190525 1 6 85 1 181 12 0.18
1636 348100 1 7 81 1 193 10 0.18
1637 220800 1 7 66 1 179 93 0.18
1638 190255 1 7 64 14 143 15 0.18
1639 219780 1 7 68 1 132 74 0.15
1640 2680000 1 7 83 1 748 155 0.1
1641 1230000 1 7 85 1 559 98 0.1
1642 3750000 1 7 82 1 457 106 0.1
1643 2800000 1 7 86 1 395 349 0.125
1644 4140000 1 7 84 14 333 135 0.1
1645 4500000 1 7 68 1 357 456 0.15
1646 4680000 1 7 83 1 748 155 0.1
1647 4230000 1 7 85 1 559 98 0.1
1648 6750000 1 7 82 1 457 106 0.1
1649 4800000 1 7 86 1 395 349 0.125
1650 4140000 1 7 84 14 333 135 0.1
1651 4500000 1 7 68 1 357 456 0.15
1652 44327 1 7 43 1 210 8 0.145
1653 43191 1 7 65 1 183 66 0.12
1654 46878 1 7 62 1 204 4 0.12
1655 42764 1 7 46 1 196 99 0.13
1656 43079 1 7 44 9 148 48 0.15
1657 40282 1 7 48 1 141 88 0.15
1658 2910088 1 7 43 1 538 175 0.1
1659 43191 1 7 65 1 183 66 0.12
1660 46878 1 7 62 1 204 4 0.12
1661 42764 1 7 46 1 196 99 0.13
1662 43079 1 7 44 9 148 48 0.15
1663 40282 1 7 48 1 141 88 0.15
1664 8000 1 0 40 9 35 30 0.3
1665 7500 1 0 40 9 45 30 0.3
1666 7100 1 0 40 9 29 30 0.3
1667 7800 1 0 40 9 38 30 0.3
1668 20700 2 7 60 3 168 15 0.18
1669 10000 1 0 40 5 85 28 0.2
1670 17552 1 0 44 7 159 28 0.15
1671 23840 1 0 41 5 138 21 0.2
1672 21920 1 0 42 5 182 24 0.2
1673 16940 1 0 43 5 170 28 0.2
1674 80000 2 0 63 5 177 25 0.4
1675 12717 1 0 43 2 154 20 0.15
1676 15900 1 0 40 2 155 20 0.15
1677 14717 1 0 44 2 144 20 0.15
1678 21040 1 0 42 2 166 16 0.15
1679 21810 1 0 41 2 135 15 0.15
1680 9100 1 2 64 3 149 37 0.17
1681 108999 1 0 21 3 170 45 0.2
1682 32235 1 1 49 1 192 47 0.25
1683 7000 1 0 43 9 41 10 0.3
1684 20700 2 8 60 3 162 15 0.18
1685 3802000 2 2 46 3 567 109 0.18
1686 1122 0 7 22 1 81 3 0.2
1687 2090 1 2 42 1 118 18 0.2
1688 360000 2 3 64 14 229 104 0.1
1689 253221 2 7 64 3 64 55 0.13
1690 6684 1 2 42 1 143 42 0.16
1691 2901 1 0 48 1 143 20 0.1
1692 6755 1 0 64 2 129 32 0.1
1693 20600 0 0 88 3 205 45 0.1
1694 16789 0 0 83 3 177 12 0.15
1695 24975 0 0 82 3 178 3 0.15
1696 18955 0 0 87 3 150 49 0.15
1697 24651 0 0 81 3 111 18 0.15
1698 16390 1 0 60 1 121 40 0.15
1699 14700 2 0 60 1 163 40 0.1
1700 34538 1 8 80 2 150 55 0.1
1701 27000 1 8 66 2 121 89 0.16
1702 22152 1 8 67 2 106 35 0.12
1703 24729 1 8 66 2 157 96 0.18
1704 40200 2 1 88 9 191 30 0.1
1705 41111 2 1 88 2 161 69 0.15
1706 42599 1 1 88 2 166 90 0.15
1707 45000 0 1 88 2 130 80 0.15
1708 1445660 2 6 88 3 394 35 0.12
1709 40200 2 1 88 9 191 30 0.1
1710 41111 2 1 88 2 161 69 0.15
1711 42599 1 1 88 2 166 90 0.15
1712 45000 0 1 88 2 130 80 0.15
1713 48430 2 9 46 2 151 90 0.17
1714 25668 2 9 43 2 151 45 0.1
1715 6670 0 9 20 1 152 48 0.11
1716 40718 2 9 44 2 159 47 0.18
1717 39054 2 9 42 2 168 33 0.12
1718 5028 0 9 20 1 131 28 0.1
1719 6005000 2 9 67 3 535 166 0.25
1720 41500 2 9 47 3 159 58 0.16
1721 20990 1 9 40 0 257 85 1
1722 10310 1 0 43 1 23 11 0.24
1723 30000 1 7 64 14 52 15 0.18
1724 8000 1 0 40 9 35 30 0.3
1725 50 1 3 21 1 1 5 0.15
1726 60 0 2 60 1 3 20 0.15
1727 182 0 2 22 1 14 0 0.15
1728 164 0 2 23 1 9 0 0.15
1729 8578 0 6 27 1 70 25 0.15
1730 7360 0 6 27 1 50 25 0.15
1731 12000000 2 8 48 1 169 99 0.19
1732 0 0 0 20 0 0 0 0
1733 523000 1 0 47 3 104 32 0.14
1734 2502000 1 0 47 3 469 232 0.13
1735 18000 1 6 60 2 168 30 0.25
1736 15669 1 6 60 2 161 15 0.2
1737 14450 1 7 60 1 149 5 0.22
1738 12050 0 0 67 1 154 82 0.15
1739 18000 1 6 60 2 168 30 0.15
1740 15669 1 6 60 2 161 15 0.15
1741 2090 0 7 46 1 30 50 0.4
1742 9222 1 6 44 1 171 67 0.2
1743 879 1 0 60 1 90 11 0.4
1744 2682 0 2 24 1 106 15 0.1
1745 1000 0 6 67 1 40 12 0.11
1746 15000 1 7 60 1 148 5 0.2
1747 471 1 2 22 1 15 0 0.2
1748 1109 1 2 25 1 28 0 0.2
1749 10045 1 6 40 1 152 66 0.18
1750 100 0 3 22 1 100 99 2
1751 2205000 2 8 86 3 713 506 0.1
1752 34240 1 6 67 2 135 15 0.19
1753 39520 1 6 67 2 131 35 0.15
1754 53290 0 8 46 1 150 92 0.25
1755 52280 0 8 46 1 147 86 0.25
1756 41500 2 9 47 3 159 58 0.16
1757 48430 2 9 46 2 151 90 0.17
1758 25668 2 9 43 2 151 45 0.1
1759 40718 2 9 44 2 159 47 0.18
1760 39054 2 9 42 2 168 33 0.12
1761 34240 1 6 67 2 135 15 0.17
1762 39520 1 6 67 2 131 35 0.13
1763 100200 0 8 46 1 150 92 0.2
1764 103000 0 8 46 1 147 86 0.2
1765 1005000 2 8 86 3 713 506 0.1
1766 128430 0 8 66 1 120 50 0.3
1767 128430 0 8 66 1 120 50 0.3
1768 3005000 2 0 68 3 666 262 0.2
1769 40000 1 7 80 1 132 82 0.3
1770 31620 1 7 80 1 117 11 0.25
1771 24605 1 7 80 1 155 6 0.25
1772 26324 1 7 80 1 112 19 0.3
1773 23182 1 6 67 1 152 25 0.14
1774 24500 0 0 64 6 99 30 0.19
1775 13934 2 0 41 2 188 47 0.22
1776 11910 0 0 61 1 114 38 0.18
1777 20820 2 0 61 1 422 11 0.25
1778 14000 1 6 21 10 113 21 0.19
1779 2626000 2 2 81 3 159 78 0.4
1780 12550 1 3 22 1 172 43 2
1781 10878 1 3 22 7 150 52 2
1782 7385 1 2 24 1 128 33 0.2
1783 8821 1 2 44 1 162 62 0.15
1784 8805 0 0 42 1 154 36 0.3
1785 1502000 2 2 67 2 451 176 0.15
1786 40000 1 7 80 1 132 82 0.3
1787 31620 1 7 80 1 117 11 0.25
1788 20820 2 0 61 1 422 11 0.25
1789 1012 0 0 41 3 3 15 2
1790 1333 0 3 22 3 24 2 0.15
1791 8821 1 2 44 1 162 62 0.15
1792 1000 0 0 20 0 128 99 2
1793 2451 2 0 80 9 101 18 0.2
1794 7385 1 2 24 1 128 33 0.2
1795 800000 2 8 28 3 160 60 0.25
1796 13050 1 7 80 1 169 42 0.25
1797 21000 1 7 80 1 151 64 0.25
1798 0 0 0 20 0 0 0 0
1799 347590 1 7 83 1 153 37 0.1
1800 211230 1 7 85 1 89 39 0.1
1801 310000 1 7 81 1 178 36 0.1
1802 182910 1 7 86 1 99 78 0.125
1803 209000 1 7 84 14 61 35 0.1
1804 189920 1 7 68 1 52 88 0.15
1805 1647590 1 7 83 1 153 37 0.1
1806 1411230 1 7 85 1 99 39 0.1
1807 1460000 1 7 82 1 178 36 0.1
1808 1092910 1 7 86 1 99 78 0.125
1809 1349000 1 7 84 14 61 35 0.1
1810 1069920 1 7 68 1 52 88 0.15
1811 641 0 2 22 1 36 10 0.2
1812 15 0 0 20 0 101 99 0.19
1813 1880000 2 8 28 3 260 55 0.1
1814 30000 1 2 63 1 95 50 0.15
1815 20 1 0 20 1 101 99 2
1816 1000 1 0 20 1 101 99 2
1817 8880000 2 8 48 3 265 65 0.1
1818 10647 1 0 60 0 87 15 1
1819 5415 1 7 27 1 24 60 0.1
1820 1619 2 2 22 1 65 0 0.3
1821 1716 1 2 23 1 45 10 0.2
1822 6666 0 6 27 1 50 25 0.15
1823 8636 1 2 41 2 114 43 0.25
1824 20199 1 2 41 1 90 13 0.45
1825 1176 1 7 24 1 35 5 0.1
1826 3745 2 0 25 1 18 40 0.2
1827 3163 2 2 60 1 65 0 0.3
1828 20 2 2 42 1 114 99 0.15
1829 70000 2 7 80 2 176 62 0.17
1830 63000 2 7 80 12 192 62 0.17
1831 80390 2 0 63 2 213 68 0.16
1832 6935000 2 0 83 3 592 218 0.13
1833 70128 2 0 63 2 169 70 0.15
1834 80390 2 0 63 2 213 68 0.16
1835 70128 2 0 63 2 169 70 0.15
1836 13079 0 0 43 1 135 45 0.3
1837 36830 0 6 63 1 121 75 0.15
1838 43900 0 6 22 1 184 62 0.2
1839 92544 1 7 20 2 190 13 0.17
1840 500 2 2 42 1 101 99 0.15
1841 10 1 2 22 1 115 99 0.2
1842 15 1 2 25 1 128 99 0.2
1843 18 1 2 25 1 140 99 0.2
1844 25 2 6 27 1 143 99 0.2
1845 0 0 0 20 0 0 0 0
1846 999 0 0 26 1 101 99 0.3
1847 10000000 1 8 28 1 180 60 0.1
1848 45000 2 6 67 2 25 10 0.1
1849 125000 1 1 89 1 45 20 0.1
1850 175000 2 7 82 1 60 45 0.15
1851 2253 1 7 20 1 120 18 0.25
1852 120 0 8 66 1 180 99 0.3
1853 120 0 8 66 1 180 99 0.3
1854 610 2 3 22 1 35 5 0.3
1855 665 1 3 25 1 25 0 0.2
1856 3195 0 6 21 1 31 30 0.25
1857 742 1 3 41 1 10 10 0.4
1858 354 0 3 61 1 10 5 0.4
1859 405 1 3 62 4 24 25 1
1860 817 0 2 22 1 34 0 0.15
1861 4278 0 2 23 1 60 5 0.2
1862 1109 0 2 42 1 30 5 0.3
1863 4500 1 2 42 1 29 10 0.16
1864 40440 1 1 69 1 182 45 0.2
1865 38574 1 1 69 9 149 35 0.15
1866 17168 0 6 27 1 145 20 0.14
1867 48666 1 6 47 1 128 96 0.15
1868 48666 1 6 47 1 128 96 0.15
1869 21276 0 6 68 1 153 40 0.15
1870 91304 1 1 89 1 161 73 0.15
1871 5655000 1 6 47 1 369 182 0.15
1872 502000 0 4 84 1 150 55 0.1
1873 6805000 0 6 88 1 488 265 0.1
1874 4805000 2 6 88 2 618 265 0.1
1875 43000 1 1 89 2 35 30 0.175
1876 99000000 2 6 67 3 195 73 0.18
1877 15 0 0 20 0 101 99 0.19
1878 20 0 3 26 1 100 99 2
1879 1800 1 2 60 1 6 40 0.2
1880 5499 1 3 62 1 200 12 0.32
1881 6216 1 3 82 1 158 30 0.23
1882 6498 1 7 21 2 93 60 0.27
1883 7140 1 7 61 1 90 8 0.2
1884 5421 1 3 62 7 148 58 0.17
1885 1120500 2 2 62 3 478 121 0.15
1886 5421 1 3 62 7 148 58 0.17
1887 8636 1 2 41 2 114 43 0.25
1888 15199 1 2 41 1 60 13 0.45
1889 100000 2 2 81 3 30 23 0.4
1890 299321 2 2 62 3 75 42 0.15
1891 1005000 2 8 86 3 713 506 0.1
1892 23470 2 6 87 2 93 44 0.125
1893 36140 2 7 87 1 119 50 0.3
1894 100000 0 3 68 1 56 50 0.3
1895 88402 1 6 63 1 135 12 0.17
1896 47280 1 7 68 1 87 74 0.15
1897 668000 2 6 67 2 65 45 0.1
1898 434 1 1 29 1 1 10 0.4
1899 457599 2 7 80 2 114 33 0.17
1900 241212 2 7 80 12 73 62 0.17
1901 8000 0 8 26 1 20 15 0.15
1902 49 0 0 26 0 100 0 0
1903 49 0 0 26 0 100 0 0
1904 1000000 0 0 20 1 128 99 0.3
1905 120000 2 0 20 1 1 0 0.3
1906 150 2 0 20 1 101 99 0.3
1907 120000 0 0 20 0 41 50 0.3
1908 120000 0 0 20 0 41 50 0.3
1909 250 2 0 20 0 101 99 0.3
1910 250 2 0 20 0 101 99 0.3
1911 150 2 0 20 0 101 99 0.3
1912 150 2 0 20 0 101 99 0.3
1913 150 2 0 20 0 101 99 0.3
1914 250 2 0 20 0 101 99 0.3
1915 250 2 0 20 0 101 99 0.3
1916 7000000 2 6 87 2 580 65 0.1
1917 5000000 2 6 87 2 625 65 0.1
1918 63900 2 8 27 1 262 35 0.11
1919 64922 1 6 67 1 163 5 0.15
1920 94800 1 6 69 2 166 37 0.15
1921 77389 1 6 68 1 171 54 0.15
1922 63900 2 8 27 1 262 35 0.11
1923 64922 1 6 67 1 163 5 0.15
1924 94800 1 6 69 2 166 37 0.15
1925 77389 1 6 68 1 171 54 0.15
1926 300 1 0 43 1 43 30 0.2
1927 100 0 6 68 1 14 45 0.15
1928 500 0 6 27 1 50 25 0.15
1929 4520500 2 6 67 2 195 45 0.1
1930 3000500 0 7 20 2 61 35 0.1
1931 3567700 2 8 28 3 70 42 0.1
1932 100 0 0 42 1 1 0 0.1
1933 300000 1 8 80 1 144 55 0.1
1934 10000 1 3 22 0 101 99 0.1
1935 10000 1 3 22 0 101 99 0.1
1936 10000 1 3 22 0 101 99 0.1
1937 12050 0 0 67 1 154 82 0.15
1938 0 0 0 20 0 0 0 0
1939 0 0 0 20 0 0 0 0
1940 0 0 0 20 0 0 0 0
1941 0 0 0 20 0 0 0 0
1942 0 0 0 20 0 0 0 0
1943 0 0 0 20 0 0 0 0
1944 0 0 0 20 0 0 0 0
1945 0 0 0 20 0 0 0 0
1946 0 0 0 20 0 0 0 0
1947 500500 0 7 20 2 61 35 0.1
1948 11200 1 7 43 1 87 8 0.145
1949 457599 2 7 80 2 114 33 0.17
1950 241212 2 7 80 12 73 62 0.17
1951 15 0 0 20 0 101 99 0.19
1952 15 0 0 20 0 101 99 0.19
1953 15 0 0 20 0 101 99 0.19
1954 15 0 0 20 0 101 99 0.19
1955 0 0 0 20 0 0 0 0
1956 5000000 2 6 88 2 490 40 0.1
1957 2400500 1 6 87 12 211 66 0
1958 2400500 0 6 87 12 77 66 0
1959 350000 0 6 87 12 77 66 0
1960 2400500 0 6 87 12 77 66 0
1961 2400500 0 6 87 12 77 66 0
1962 15 1 7 20 1 101 99 0.1
1963 23900 1 7 40 1 51 15 0.17
1964 2000 2 2 68 1 1 40 0.15
1965 4000 0 2 24 1 15 15 0.1
1966 7800 1 6 67 1 60 20 0.1
1967 7800 1 7 43 1 60 20 0.1
1968 11990 2 5 61 1 50 50 0.15
1969 6900 1 5 41 1 41 10 0.15
1970 3952 1 5 41 1 31 40 0.2
1971 1017 0 5 21 1 36 0 0.3
1972 2087 0 3 41 1 21 5 0.4
1973 50 1 3 21 1 1 5 0.4
1974 20320 1 6 47 2 135 94 0.15
1975 10135 1 0 44 6 115 62 0.19
1976 15800 1 0 40 1 178 44 0.2
1977 11500 0 0 20 1 220 65 0.2
1978 22100 2 0 60 2 235 43 0.25
1979 17200 2 7 60 3 176 92 0.18
1980 633600 1 7 22 1 47 10 0.1
1981 111111 2 7 43 1 70 5 0.15
1982 62000 1 7 22 9 35 5 0.3
1983 80087 1 1 29 1 55 30 0.13
1984 50058 1 7 42 1 87 10 0.145
1985 5176 1 7 47 1 32 10 0.25
1986 33336 1 2 22 2 221 14 0.15
1987 24992 1 4 45 2 212 25 0.15
1988 15099 1 3 45 7 66 5 1
1989 21422 0 2 22 1 155 11 0.1
1990 1900944 2 2 62 2 551 43 0.15
1991 1397451 2 2 42 2 209 123 0.1
1992 20722 1 2 66 2 125 95 0.12
1993 21099 2 2 42 3 143 5 0.15
1994 12466 1 4 24 1 114 55 0.11
1995 13058 0 3 62 1 110 77 0.15
1996 253221 2 7 64 3 64 55 0.13
1997 33336 1 2 22 2 221 14 0.25
1998 21422 0 2 22 1 165 11 0.15
1999 20667 0 4 45 2 164 17 0.15
2000 7000 1 7 20 1 11 10 0.2
2001 7000 1 7 20 1 11 10 0.2
2008 4000000 2 6 48 3 240 40 0.25
2009 2000000 1 6 48 1 240 40 0.1
2010 500000 2 6 28 1 45 15 0.25
2013 20099 1 9 22 1 103 3 0.25
2014 100000 1 9 82 0 519 30 1
2015 17002 0 3 45 1 114 35 0.29
2016 33209 2 0 81 1 48 8 0.23
2017 58299 1 7 62 1 152 46 0.15
2018 63342 2 7 62 2 216 28 0.2
2019 388933 2 3 62 2 319 37 0.29
2020 337220 1 0 61 1 130 12 0.24
2021 345560 1 0 61 10 121 14 0.24
2022 3452000 2 9 87 2 122 75 0.15
2023 434300 0 0 87 1 229 44 0.22
2024 45739 2 0 42 2 484 12 0.3
2026 552500 1 7 80 2 84 35 0.15
2027 434300 0 0 87 1 229 44 0.18
2035 200000 1 0 20 1 40 20 1
2042 50000 1 0 20 9 0 0 1
2043 50000 1 0 20 9 0 0 1
2044 50000 1 0 20 9 0 0 1
2045 50000 1 0 20 9 0 0 1
2046 50000 1 0 20 9 0 0 1
2047 46708 1 2 42 3 132 15 0.15
2048 8780 0 3 45 1 79 5 0.29
2049 45200 2 0 42 2 250 18 0.2
2050 33220 2 0 81 1 38 12 0.23
2057 3898 0 2 45 1 123 42 0.1
2068 1283990 2 2 63 2 62 66 0.18
2069 5890 1 5 61 1 41 76 0.2
2070 4522 2 5 61 1 37 12 0.18
2071 6620 2 6 63 1 83 44 0.165
2072 3914 1 2 42 1 89 15 0.15
2073 3640 1 2 44 1 52 12 0.155
2074 3096 1 7 22 1 80 12 0.25
2076 29583 1 6 64 2 89 51 0.15
2077 252725 1 6 67 2 135 15 0.19
2078 184230 1 6 67 2 121 48 0.155
2082 4522 2 5 61 1 37 12 0.18
2083 51100 0 4 22 1 190 20 0.15
2084 58900 0 4 22 1 222 38 0.15
2085 62600 1 4 42 1 214 102 0.22
2086 67700 1 4 42 1 395 70 0.2
2087 2441600 2 4 62 3 432 220 0.2
2088 63000 0 4 20 1 360 55 1
2089 66000 0 4 20 1 380 62 1
2090 69000 0 4 20 1 365 180 1
2091 72000 0 4 20 1 420 44 1
2092 54591 2 4 64 1 194 52 0.25
2093 50 1 3 21 1 1 5 0.4
2114 50 1 3 21 1 1 5 0.4
2115 50 1 3 21 1 1 5 0.4
2116 50 1 3 21 1 1 5 0.4
2117 50 1 3 21 1 1 5 0.4
2118 50 1 3 21 1 1 5 0.4
2119 50 1 3 21 1 1 5 0.4
2120 50 1 3 21 1 1 5 0.4
2121 50 1 3 21 1 1 5 0.4
2122 50 1 3 21 1 1 5 0.4
2123 50 1 3 21 1 1 5 0.4
2124 50 1 3 21 1 1 5 0.4
2125 50 1 3 21 1 1 5 0.4
2131 608920 2 9 67 1 130 51 0.12
2132 122110 1 4 84 1 310 115 0.3
2133 91720 1 4 64 1 205 81 0.13
2134 86990 0 2 62 1 211 39 0.18
2135 1000 0 0 20 1 101 99 1
2136 85100 0 7 64 1 81 198 0.15
2137 81200 0 0 20 1 170 120 0.3
2138 10 0 0 20 1 1 0 0.18
2139 10 0 0 20 1 1 0 0.18
2140 10 0 0 20 1 1 0 0.18
2141 10 0 0 20 1 1 0 0.18
2142 10 0 0 20 1 1 0 0.18
2143 10 0 0 20 1 1 0 0.18
2144 62600 1 4 42 1 214 102 0.22
2145 67700 1 4 42 1 395 70 0.2
2150 10 1 3 21 1 2 1 2
2151 5149 1 3 22 1 110 20 0.3
2152 4002 1 2 65 1 132 11 0.165
2153 5556 1 8 23 1 97 33 0.22
2154 4680 0 0 63 1 78 89 0.22
2155 7524 2 6 43 1 122 12 0.2
2156 1265288 2 6 47 1 330 128 0.15
2157 4680 0 0 63 1 78 89 0.22
2158 50 1 3 21 1 1 5 0.4
2159 50 1 3 21 1 1 5 0.4
2160 50 1 3 21 1 1 5 0.4
2161 204400 0 4 22 1 190 20 0.15
2162 235600 0 4 22 1 222 38 0.15
2163 250400 1 4 42 1 214 102 0.22
2164 270800 1 4 42 1 395 70 0.2
2165 6441600 2 4 62 3 432 220 0.2
2166 126000 0 4 20 1 360 55 1
2167 132000 0 4 20 1 380 62 1
2168 138000 0 4 20 1 365 180 1
2169 144000 0 4 20 1 420 44 1
2170 250400 1 4 42 1 214 102 0.22
2171 270800 1 4 42 1 395 70 0.2
2172 204400 0 4 22 1 190 20 0.15
2173 235600 0 4 22 1 222 38 0.15
2174 120000 0 5 21 1 238 21 0.3
2175 120000 0 5 41 1 133 218 0.3
2176 120000 0 5 21 1 208 15 0.2
2177 160000 0 5 21 1 477 48 0.2
2178 160000 0 5 21 1 187 215 0.2
2179 160000 0 5 21 1 189 33 0.15
2180 50 1 3 21 1 1 5 0.4
2181 50 1 3 21 1 1 5 0.4
2182 50 1 3 21 1 1 5 0.4
2183 50 1 3 21 1 1 5 0.4
2184 50 1 3 21 1 1 5 0.4
2185 50 1 3 21 1 1 5 0.4
2186 2200000 2 5 41 1 131 65 0.4
2187 2200000 2 5 41 1 131 65 0.4
2188 2200000 2 5 41 1 131 65 0.4
2189 2200000 2 5 41 1 131 65 0.4
2190 2200000 2 5 41 1 131 65 0.4
2191 50 1 3 21 1 1 5 0.4
2192 50 1 3 21 1 1 5 0.4
2193 50 1 3 21 1 1 5 0.4
2194 500000 2 5 41 2 204 21 0.4
2195 50 1 3 21 1 1 5 0.4
2196 50 1 3 21 1 1 5 0.4
2197 9900 1 5 41 1 142 102 0.15
2198 28800 2 5 41 1 510 22 0.12
2199 6500 0 0 21 1 45 40 0.4
2201 24002 1 5 41 1 74 91 0.135
2202 5602800 2 5 81 3 205 229 0.15
2203 25211 0 5 41 1 172 55 0.135
2204 22050 1 5 41 1 142 55 0.12
2206 39190 2 5 81 2 228 158 0.15
2208 50 1 3 21 1 1 5 0.4
2209 50 1 3 21 1 1 5 0.4
2210 50 1 3 21 1 1 5 0.4
2211 50 1 3 21 1 1 5 0.4
2212 50 1 3 21 1 1 5 0.4
2213 50 1 3 21 1 1 5 0.4
2214 50 1 3 21 1 1 5 0.4
2215 50 1 3 21 1 1 5 0.4
2216 50 1 3 21 1 1 5 0.4
2217 50 1 3 21 1 1 5 0.4
2218 5 1 3 21 1 1 0 0.4
2219 20 1 3 21 1 1 0 0.4
2220 50 1 3 21 1 1 5 0.4
2221 416300 1 7 66 1 266 86 0.17
2222 253175 1 7 63 1 148 12 0.18
2223 202516 1 7 68 1 129 312 0.15
2224 233650 1 7 61 1 196 56 0.18
2225 213541 1 6 65 1 167 10 0.18
2226 204962 1 7 64 1 151 15 0.18
2227 204962 1 7 64 1 137 12 0.18
2228 50 1 7 66 1 1 5 0.1
2229 50 1 7 63 1 1 5 0.1
2230 50 1 7 68 1 1 5 0.15
2231 50 1 7 61 1 1 5 0.125
2232 50 1 6 65 1 1 5 0.1
2233 50 1 7 64 1 1 5 0.1
2234 50 1 7 64 1 1 5 0.1
2235 50 1 7 86 1 1 5 0.1
2236 50 1 7 83 1 1 5 0.1
2237 50 1 7 68 1 1 5 0.15
2238 50 1 7 81 1 1 5 0.125
2239 50 1 7 85 1 1 5 0.1
2240 50 1 7 84 1 1 5 0.1
2241 50 1 7 84 1 1 5 0.1
2242 551578 1 6 20 1 214 39 0.2
2243 274531 0 6 20 1 21 0 0.3
2244 3481505 1 7 68 1 272 543 0.18
