2910 27810
2717 22945 1 5 25 1 85 32 0 4
2805 41930
2728 33350
2832 195270
2838 25745 2 1 89 1 88 45 0 3
1245 1107 1 7 24 1 35 5 0 1
2814 5290
2680 925
2680 925
2722 7170
2722 7170
1588 1047 1 7 22 1 58 5 0 2
1588 1047 1 7 22 1 58 5 0 2
2789 15460
2789 15460
2802 13380
2722 7170
1634 204962 1 6 63 1 252 12 0 17
3453 10
3060 20
2985 15
2985 15
3060 20
3453 10
2660 6200
2873 124960
2799 255500
2880 33775
1764 52280 0 8 46 1 147 86 0 2
2843 18200
2613 6095
2625 79500
2625 79500
1652 40327 1 7 43 1 210 8 0 145
1652 40327 1 7 43 1 210 8 0 145
2759 50225
1290 180130 1 1 29 1 152 35 0 15
1504 19546 1 1 49 2 162 38 0 155
1298 25510 1 1 29 1 126 46 0 175
1294 180141 1 4 22 1 165 45 0 175
1306 24001 2 2 22 1 207 31 0 175
2769 65395
1639 209780 1 7 68 1 132 74 0 15
2549 100000
2550 200000
2551 300000
2554 400000
2555 600000
2848 23400
2848 23400
2556 1000000
2711 65290
2711 65290
2630 18200
2557 1200000
2635 5785
1635 220525 1 6 85 1 181 12 0 18
2723 9540
1309 185098 0 0 83 1 137 50 0 3
2398 40
2745 62280
2705 4560
2907 24300
2784 55265
1132 26864 2 1 29 1 165 10 0 35
1132 23986 2 1 29 1 165 10 0 35
1219 25393 2 7 87 1 170 50 0 3
2713 9815
2852 69475
2852 69475
2774 76400
2644 12950
2772 57870
2078 206660 1 6 67 2 121 48 0 155
2633 1770
2583 1056
2600 1219
1430 1005 2 4 25 1 40 0 0 3
2597 1199
2591 2301
1457 2719 1 4 22 1 34 0 0 2
1424 2736 1 2 25 1 45 10 0 2
1429 3105 2 4 25 1 61 0 0 3
1441 4589 1 5 25 7 40 50 0 4
2840 5990
1422 2050 0 4 44 1 57 15 0 15
2585 6228
2592 6500
2571 7524
2694 5740
2574 5292
2646 1400
2857 3355
1565 6052 0 3 43 1 46 20 0 14
1459 2209 0 6 68 1 36 25 0 3
2602 6620
2752 9695
2588 7208
2570 6755
1573 7341 2 7 80 3 113 68 0 165
2811 15750
2598 27070
2596 8805
2569 7238
2584 8300
2599 33300
2612 27495
2587 10088
2586 9550
1483 8700 2 6 40 1 120 37 0 2
2888 46800
2593 11910
2580 7045
1600 7480 1 2 43 2 249 50 0 25
2648 4020
2797 10250
2892 15525
1255 10409 0 2 22 1 160 37 0 2
1255 9550 0 2 22 1 160 37 0 2
2707 6160
1618 27070 2 4 45 1 166 28 0 35
1618 27070 2 4 45 1 166 28 0 35
